36  25
1	2	3	4	5	17	10	16	16	14	13	16	12	16	16	16	16	16	15	16	11	9	8	6	7   false
-1	-1	-1	-1	-1	-1	-1	-1	-1	-1	-1	-1	-1	-1	-1	-1	-1	-1	-1	-1	-1	-1	-1	-1	-1  true
-1	-1	-1	-1	-1	-1	-1	-1	-1	-1	-1	-1	-1	-1	-1	-1	-1	-1	-1	-1	-1	-1	-1	-1	-1  true
-1	-1	-1	-1	-1	-1	-1	-1	-1	-1	-1	-1	-1	-1	-1	-1	-1	-1	-1	-1	-1	-1	-1	-1	-1  true
-1	-1	-1	-1	-1	-1	-1	-1	-1	-1	-1	-1	-1	-1	-1	-1	-1	-1	-1	-1	-1	-1	-1	-1	-1  true
-1	-1	-1	-1	-1	-1	-1	-1	-1	-1	-1	-1	-1	-1	-1	-1	-1	-1	-1	-1	-1	-1	-1	-1	-1  true
-1	-1	-1	-1	-1	-1	-1	-1	-1	-1	-1	-1	-1	-1	-1	-1	-1	-1	-1	-1	-1	-1	-1	-1	-1  true
-1	-1	-1	-1	-1	-1	-1	-1	-1	-1	-1	-1	-1	-1	-1	-1	-1	-1	-1	-1	-1	-1	-1	-1	-1  true
-1	-1	-1	-1	-1	-1	-1	-1	-1	-1	-1	-1	-1	-1	-1	-1	-1	-1	-1	-1	-1	-1	-1	-1	-1  true
-1	-1	-1	-1	-1	-1	-1	-1	-1	-1	-1	-1	-1	-1	-1	-1	-1	-1	-1	-1	-1	-1	-1	-1	-1  true
-1	-1	-1	-1	-1	-1	10	-1	-1	-1	-1	-1	-1	-1	-1	-1	-1	-1	-1	-1	11	-1	-1	-1	-1  true
-1	-1	-1	-1	-1	-1	20	-1	-1	-1	-1	-1	-1	-1	-1	-1	-1	-1	-1	-1	-1	-1	-1	-1	-1  false
-1	-1	-1	-1	-1	-1	16	16	16	16	19	16	16	16	18	16	16	16	16	16	-1	-1	-1	-1	-1  true
-1	-1	-1	-1	-1	-1	16	16	16	16	16	16	16	21	16	16	16	16	16	16	-1	-1	-1	-1	-1  true
-1	-1	-1	-1	-1	-1	16	16	16	16	16	16	16	22	16	16	16	16	16	16	-1	-1	-1	-1	-1  true
-1	-1	-1	-1	-1	-1	16	16	16	16	16	23	16	16	16	16	16	16	16	16	-1	-1	-1	-1	-1  true
-1	-1	-1	-1	-1	-1	16	16	16	16	16	16	16	16	16	16	16	16	16	16	-1	-1	-1	-1	-1  true
-1	-1	-1	-1	-1	17	-1	-1	-1	-1	-1	-1	-1	-1	-1	-1	-1	-1	-1	-1	-1	-1	-1	-1	-1  true
-1	-1	-1	-1	-1	-1	16	16	16	16	16	16	16	16	16	16	16	24	16	16	-1	-1	-1	-1	-1  true
-1	-1	-1	-1	-1	-1	16	16	16	16	16	16	16	16	16	16	16	16	16	16	-1	-1	-1	-1	-1  true
-1	-1	-1	-1	-1	-1	20	-1	33	33	-1	-1	-1	-1	-1	-1	-1	-1	-1	-1	-1	-1	-1	-1	-1  true
-1	-1	-1	-1	-1	-1	16	16	16	16	16	16	16	16	16	25	16	16	16	16	-1	-1	-1	-1	-1  true
-1	-1	-1	-1	-1	-1	16	16	16	16	16	16	16	16	16	16	26	16	16	16	-1	-1	-1	-1	-1  true
-1	-1	-1	-1	-1	-1	16	16	16	16	16	16	27	16	16	16	16	16	16	16	-1	-1	-1	-1	-1  true
-1	-1	-1	-1	-1	-1	16	16	16	16	16	16	16	16	16	16	16	16	16	16	-1	-1	-1	-1	-1  true
-1	-1	-1	-1	-1	-1	16	28	16	16	16	16	16	16	16	16	16	16	16	16	-1	-1	-1	-1	-1  true
-1	-1	-1	-1	-1	-1	16	16	16	29	16	16	16	16	16	16	16	16	16	16	-1	-1	-1	-1	-1  true
-1	-1	-1	-1	-1	-1	16	16	16	16	16	16	16	30	16	16	16	16	16	16	-1	-1	-1	-1	-1  true
-1	-1	-1	-1	-1	-1	16	16	16	16	16	16	16	16	16	16	16	31	16	16	-1	-1	-1	-1	-1  true
-1	-1	-1	-1	-1	-1	16	16	16	16	16	16	16	16	16	16	16	16	16	16	-1	-1	-1	-1	-1  true
-1	-1	-1	-1	-1	-1	16	16	16	32	16	16	16	16	16	16	16	16	16	16	-1	-1	-1	-1	-1  true
-1	-1	-1	-1	-1	-1	16	16	16	16	16	16	16	16	16	16	16	16	16	16	-1	-1	-1	-1	-1  true
-1	-1	-1	-1	-1	-1	16	16	16	16	16	16	16	16	16	16	16	16	16	16	-1	-1	-1	-1	-1  true
34	34	-1	-1	-1	-1	35	-1	-1	-1	-1	-1	-1	-1	-1	-1	-1	-1	-1	-1	-1	-1	-1	-1	-1  false
-1	-1	-1	-1	-1	-1	35	-1	-1	-1	-1	-1	-1	-1	-1	-1	-1	-1	-1	-1	-1	-1	-1	-1	-1  false
-1	-1	-1	-1	-1	-1	35	-1	-1	-1	-1	-1	-1	-1	-1	-1	-1	-1	-1	-1	-1	-1	-1	-1	-1  true
7   +   0   -   1   *   2   /   3   =   4   0   6   1   6
10  2   6   3   6   4   6   5   6   6   6   7   6   8   6   9   6   a   7   E   8
10  e   9   f   10  h   11  i   12  l   13  n   14  o   15  s   16  t   17  w   18
10  A   19  B   19  C   19  D   19  F   19  G   19  H   19  I   19  J   19  K   19
10  L   19  M   19  N   19  O   19  P   19  Q   19  R   19  S   19  T   19  U   19
10  V   19  W   19  X   19  Y   19  Z   19  b   19  c   19  d   19  g   19  j   19  
10  k   19  m   19  p   19  q   19  r   19  u   19  v   19  x   19  y   19  z   19
6   .   20  ,   21  ;   22  (   23  )   24  _   19